<?xml version="1.0"?>
<opencv_storage>
	<gcp type_id="opencv-matrix">
		<rows>4</rows>
		<cols>3</cols>
		<dt>d</dt>
		<data>
			43.622596 -92.561403 413
			43.622206 -92.560563 413
			43.624037 -92.559558 413
			43.621269 -92.564950 413
		</data>
	</gcp>
</opencv_storage>