Frame 1:
For all video files in this folder

GCP ID	WGS84 Corrdinates
A:		44.236067, -95.307340
B:		44.236133, -95.306277
C:		44.235362, -95.306307
D:		44.235368, -95.307347

E:		44.236083, -95.307980
F:		44.235533, -95.307994
G:		44.235536, -95.308730
H:		44.236086, -95.308702

I:		44.236378, -95.307756
J:		44.236658, -95.308128
K:		44.236955, -95.308505
