<?xml version="1.0"?>
<opencv_storage>
<pixel_coords>
  562. 352. 452. 367. 472. 244. 571. 223. 655. 351. 664. 243. 751. 253.
  765. 354. 618. 419. 678. 475. 725. 512.</pixel_coords>
</opencv_storage>
