<?xml version="1.0"?>
<opencv_storage>
<pixel_coords>
  566. 334. 568. 218. 655. 212. 656. 332. 907. 367.</pixel_coords>
</opencv_storage>
