<?xml version="1.0"?>
<opencv_storage>
	<gcp type_id="opencv-matrix">
		<rows>7</rows>
		<cols>3</cols>
		<dt>d</dt>
		<data>
			45.345165 -93.860711 296
			45.347070 -93.860312 296
			45.346750 -93.858025 296
			45.346190 -93.856642 296
			45.345695 -93.857618 296
			45.344873 -93.858002 296
			45.343757 -93.858030 296
		</data>
	</gcp>
</opencv_storage>