<?xml version="1.0"?>
<opencv_storage>
<pixel_coords>
  461. 488. 495. 205. 764. 226. 875. 338. 817. 427. 755. 549. 710. 615.</pixel_coords>
</opencv_storage>
