Ground Altitude (Under Drone): 394 m

For all videos from Harmony on 9/13/2020

GCP ID	WGS84 Corrdinates
A:		43.558436, -92.059818
B:		43.561884, -92.059709
C:		43.564408, -92.059757
D:		43.564253, -92.060571
E:		43.564240, -92.061230
F:		43.564926, -92.059471
G:		43.565733, -92.060498
H:		43.566020, -92.060814
I:		43.566186, -92.060339
J:		43.566409, -92.060936
K:		43.565682, -92.065651
L:		43.565771, -92.069782
M:		43.562978, -92.065074
N:		43.565643, -92.056104
O:		43.564671, -92.056977
P:		43.563685, -92.057475
Q:		43.563760, -92.057032
R:		43.569753, -92.052085
S:		43.570695, -92.052415
T:		43.571887, -92.052731
U:		43.571684, -92.056104
V:		43.564873, -92.051414
W:		43.558062, -92.061152


