<?xml version="1.0"?>
<opencv_storage>
	<gcp type_id="opencv-matrix">
		<rows>23</rows>
		<cols>3</cols>
		<dt>d</dt>
		<data>
			43.558436 -92.059818 395
			43.561884 -92.059709 395
			43.564408 -92.059757 395
			43.564253 -92.060571 395
			43.564240 -92.061230 395
			43.564926 -92.059471 395
			43.565733 -92.060498 395
			43.566020 -92.060814 395
			43.566186 -92.060339 395
			43.566409 -92.060936 395
			43.565682 -92.065651 395
			43.565771 -92.069782 395
			43.562978 -92.065074 395
			43.565643 -92.056104 395
			43.564671 -92.056977 395
			43.563685 -92.057475 395
			43.563760 -92.057032 395
			43.569753 -92.052085 395
			43.570695 -92.052415 395
			43.571887 -92.052731 395
			43.571684 -92.056104 395
			43.564873 -92.051414 395
			43.558062 -92.061152 395
		</data>
	</gcp>
</opencv_storage>