<?xml version="1.0"?>
<opencv_storage>
<pixel_coords>
  381. 346. 440. 368. 578. 388. 570. 340. 579. 299. 618. 416. 694. 357.
  721. 343. 726. 374. 750. 344. 702. 152. 698. 103. 549. 156. 653. 554.
  597. 523. 526. 491. 533. 511. 776. 597. 807. 582. 833. 563. 872. 508.
  602. 623. 380. 314.</pixel_coords>
</opencv_storage>
