<?xml version="1.0"?>
<opencv_storage>
	<gcp type_id="opencv-matrix">
		<rows>11</rows>
		<cols>3</cols>
		<dt>d</dt>
		<data>
			44.236067 -95.307340 348
			44.236133 -95.306277 348
			44.235362 -95.306307 348
			44.235368 -95.307347 348
			44.236083 -95.307980 348
			44.235533 -95.307994 348
			44.235536 -95.308730 348
			44.236086 -95.308702 348
			44.236378 -95.307756 348
			44.236658 -95.308128 348
			44.236955 -95.308505 348
		</data>
	</gcp>
</opencv_storage>